0.0,0.0
0.006296296296296296,0.006296254695335555
0.012592592592592593,0.012592259786885699
0.01888888888888889,0.018887765680760116
0.025185185185185185,0.025182522802858296
0.031481481481481485,0.031476281608763444
0.03777777777777778,0.037768792593635234
0.04407407407407407,0.04405980630210097
0.05037037037037037,0.05034907333814483
0.05666666666666667,0.056636344374994686
0.06296296296296297,0.06292137016500624
0.06925925925925926,0.06920390154954398
0.07555555555555556,0.07548368946885871
0.08185185185185186,0.08176048497196094
0.08814814814814814,0.08803403922649024
0.09444444444444444,0.09430410352857968
0.10074074074074074,0.10057042931271527
0.10703703703703704,0.10683276816158989
0.11333333333333334,0.11309087181595136
0.11962962962962963,0.11934449218444419
0.12592592592592594,0.1255933813534449
0.1322222222222222,0.13183729159688973
0.1385185185185185,0.1380759753860958
0.1448148148148148,0.14430918539957355
0.1511111111111111,0.1505366745328315
0.1574074074074074,0.15675819590817228
0.1637037037037037,0.16297350288447962
0.17,0.16918234906699603
0.17629629629629628,0.17538448831709064
0.18259259259259258,0.181579674762017
0.18888888888888888,0.1877676628046602
0.19518518518518518,0.19394820713327313
0.20148148148148148,0.20012106273120145
0.20777777777777778,0.2062859848865968
0.21407407407407408,0.21244272920211804
0.22037037037037038,0.21859105160461992
0.22666666666666668,0.22473070835482886
0.23296296296296296,0.2308614560570056
0.23925925925925925,0.23698305166859426
0.24555555555555555,0.24309525250985722
0.2518518518518519,0.2491978162734958
0.2581481481481481,0.25529050103425593
0.2644444444444444,0.2613730652585193
0.2707407407407407,0.26744526781387784
0.277037037037037,0.2735068679786936
0.2833333333333333,0.27955762545164153
0.2896296296296296,0.2855973003612355
0.2959259259259259,0.291625653275338
0.3022222222222222,0.297642445210652
0.3085185185185185,0.30364743764219443
0.3148148148148148,0.3096403925127529
0.3211111111111111,0.3156210722423224
0.3274074074074074,0.3215892397375241
0.3337037037037037,0.3275446584010045
0.34,0.3334870921408144
0.3462962962962963,0.3394163053797692
0.35259259259259257,0.34533206306478703
0.35888888888888887,0.35123413067620796
0.36518518518518517,0.3571222742370901
0.37148148148148147,0.36299626032248605
0.37777777777777777,0.3688558560686961
0.38407407407407407,0.37470082918249986
0.39037037037037037,0.3805309479503653
0.39666666666666667,0.3863459812476342
0.40296296296296297,0.39214569854768505
0.40925925925925927,0.3979298699310717
0.41555555555555557,0.40369826609463816
0.42185185185185187,0.4094506583606088
0.42814814814814817,0.41518681868565405
0.43444444444444447,0.4209065196699306
0.44074074074074077,0.4266095345660964
0.44703703703703707,0.4322956372882997
0.45333333333333337,0.43796460242114144
0.4596296296296296,0.44361620522861195
0.4659259259259259,0.44925022166299994
0.4722222222222222,0.45486642837377445
0.4785185185185185,0.4604646027164393
0.4848148148148148,0.46604452276135927
0.4911111111111111,0.4716059673025584
0.4974074074074074,0.4771487158664889
0.5037037037037038,0.48267254872077175
0.51,0.4881772468829075
0.5162962962962963,0.4936625921289574
0.5225925925925926,0.49912836700219476
0.5288888888888889,0.504574354821725
0.5351851851851852,0.5100003396910763
0.5414814814814815,0.5154061065067578
0.5477777777777778,0.5207914409667879
0.554074074074074,0.5261561295791884
0.5603703703703704,0.53149995967045
0.5666666666666667,0.5368227193939613
0.572962962962963,0.5421241977384086
0.5792592592592593,0.54740418453614
0.5855555555555556,0.5526624704714983
0.5918518518518519,0.5578988470891179
0.5981481481481482,0.5631131068021888
0.6044444444444445,0.5683050429006866
0.6107407407407407,0.5734744495595667
0.617037037037037,0.5786211218469239
0.6233333333333333,0.5837448557321167
0.6296296296296297,0.5888454480938552
0.6359259259259259,0.5939226967282545
0.6422222222222222,0.5989764003568498
0.6485185185185185,0.6040063586345762
0.6548148148148148,0.6090123721577106
0.6611111111111111,0.6139942424717774
0.6674074074074074,0.6189517720794152
0.6737037037037037,0.6238847644482063
0.68,0.6287930240184686
0.6862962962962963,0.633676356211007
0.6925925925925926,0.6385345674348285
0.6988888888888889,0.6433674650948157
0.7051851851851851,0.6481748575993621
0.7114814814814815,0.6529565543679682
0.7177777777777777,0.6577123658387956
0.7240740740740741,0.6624421034761824
0.7303703703703703,0.6671455797781175
0.7366666666666667,0.6718226082836736
0.7429629629629629,0.6764730035803987
0.7492592592592593,0.6810965813116677
0.7555555555555555,0.6856931581839891
0.7618518518518519,0.6902625519742729
0.7681481481481481,0.6948045815370535
0.7744444444444445,0.6993190668116717
0.7807407407407407,0.7038058288294121
0.7870370370370371,0.7082646897205985
0.7933333333333333,0.7126954727216452
0.7996296296296297,0.7170980021820643
0.8059259259259259,0.721472103571429
0.8122222222222222,0.7258176034862927
0.8185185185185185,0.7301343296570633
0.8248148148148148,0.7344221109548325
0.8311111111111111,0.7386807773981597
0.8374074074074074,0.7429101601598109
0.8437037037037037,0.7471100915734515
0.85,0.7512804051402927
0.8562962962962963,0.7554209355356928
0.8625925925925926,0.7595315186157106
0.8688888888888889,0.7636119914236127
0.8751851851851852,0.7676621921963339
0.8814814814814815,0.7716819603708899
0.8877777777777778,0.7756711365907423
0.8940740740740741,0.7796295627121161
0.9003703703703704,0.7835570818102693
0.9066666666666667,0.7874535381857137
0.912962962962963,0.7913187773703871
0.9192592592592592,0.7951526461337773
0.9255555555555556,0.7989549924889966
0.9318518518518518,0.8027256656988067
0.9381481481481482,0.8064645162815948
0.9444444444444444,0.8101713960172993
0.9507407407407408,0.8138461579532859
0.957037037037037,0.8174886564101729
0.9633333333333334,0.8210987469876072
0.9696296296296296,0.8246762865699878
0.975925925925926,0.82822113333214
0.9822222222222222,0.8317331467449376
0.9885185185185186,0.835212187580874
0.9948148148148148,0.8386581179195816
1.001111111111111,0.8420708011532992
1.0074074074074075,0.8454501019922883
1.0137037037037038,0.8487958864701952
1.02,0.852108021949363
1.0262962962962963,0.855386377126089
1.0325925925925925,0.8586308220358309
1.038888888888889,0.8618412280583578
1.0451851851851852,0.8650174679228502
1.0514814814814815,0.8681594157129445
1.0577777777777777,0.8712669468717259
1.0640740740740742,0.874339938206665
1.0703703703703704,0.8773782678945024
1.0766666666666667,0.8803818154860774
1.082962962962963,0.8833504619111042
1.0892592592592594,0.8862840894828911
1.0955555555555556,0.889182581903006
1.1018518518518519,0.8920458242658879
1.108148148148148,0.8948737030634009
1.1144444444444443,0.8976661061893348
1.1207407407407408,0.9004229229438494
1.127037037037037,0.903144044037862
1.1333333333333333,0.9058293615973811
1.1396296296296295,0.9084787691677827
1.145925925925926,0.9110921617180299
1.1522222222222223,0.9136694356448368
1.1585185185185185,0.9162104887767767
1.1648148148148147,0.9187152203783309
1.1711111111111112,0.9211835311538833
1.1774074074074075,0.9236153232516565
1.1837037037037037,0.926010500267591
1.19,0.9283689672491666
1.1962962962962964,0.9306906306991675
1.2025925925925927,0.9329753985793874
1.208888888888889,0.9352231803142796
1.2151851851851851,0.9374338867945474
1.2214814814814814,0.9396074303806758
1.2277777777777779,0.9417437249064069
1.234074074074074,0.9438426856821551
1.2403703703703703,0.945904229498365
1.2466666666666666,0.9479282746288092
1.252962962962963,0.9499147408338299
1.2592592592592593,0.9518635493635174
1.2655555555555555,0.9537746229608344
1.2718518518518518,0.9556478858646773
1.2781481481481483,0.9574832638128801
1.2844444444444445,0.959280684045158
1.2907407407407407,0.9610400753059924
1.297037037037037,0.9627613678474555
1.3033333333333335,0.964444493431975
1.3096296296296297,0.9660893853350397
1.315925925925926,0.9676959783478444
1.3222222222222222,0.9692642087798753
1.3285185185185184,0.9707940144614342
1.334814814814815,0.9722853347461042
1.3411111111111111,0.973738110513153
1.3474074074074074,0.9751522841698768
1.3537037037037036,0.9765277996538836
1.36,0.9778646024353163
1.3662962962962963,0.9791626395190128
1.3725925925925926,0.980421859446609
1.3788888888888888,0.981642212298577
1.3851851851851853,0.982823649696205
1.3914814814814815,0.9839661248035149
1.3977777777777778,0.9850695923291192
1.404074074074074,0.9861340085280164
1.4103703703703703,0.987159331203325
1.4166666666666667,0.9881455197079567
1.422962962962963,0.9890925349462276
1.4292592592592592,0.9900003393754079
1.4355555555555555,0.9908688970072103
1.441851851851852,0.9916981734092172
1.4481481481481482,0.9924881357062447
1.4544444444444444,0.9932387525816471
1.4607407407407407,0.993949994278557
1.4670370370370371,0.9946218326010665
1.4733333333333334,0.9952542409153436
1.4796296296296296,0.995847194150689
1.4859259259259259,0.9964006688005292
1.4922222222222223,0.9969146429233494
1.4985185185185186,0.9973890961435621
1.5048148148148148,0.9978240096523159
1.511111111111111,0.9982193662082406
1.5174074074074073,0.9985751501381307
1.5237037037037038,0.9988913473375672
1.53,0.999167945271476
1.5362962962962963,0.9994049329746255
1.5425925925925925,0.999602301052061
1.548888888888889,0.9997600416794773
1.5551851851851852,0.9998781486035283
1.5614814814814815,0.999956617142076
1.5677777777777777,0.9999954441843749
1.5740740740740742,0.9999946281911963
1.5803703703703704,0.9999541691948889
1.5866666666666667,0.9998740687993772
1.592962962962963,0.9997543301800987
1.5992592592592594,0.9995949580838773
1.6055555555555556,0.9993959588287353
1.6118518518518519,0.9991573403036434
1.6181481481481481,0.9988791119682073
1.6244444444444444,0.9985612848522929
1.6307407407407408,0.9982038715555893
1.637037037037037,0.9978068862471091
1.6433333333333333,0.9973703446646266
1.6496296296296296,0.996894264114054
1.655925925925926,0.9963786634687557
1.6622222222222223,0.9958235631687993
1.6685185185185185,0.9952289852201459
1.6748148148148148,0.9945949531937778
1.6811111111111112,0.9939214922247634
1.6874074074074075,0.9932086290112616
1.6937037037037037,0.9924563918134628
1.7,0.9916648104524686
1.7062962962962964,0.9908339163091101
1.7125925925925927,0.9899637423227033
1.718888888888889,0.9890543229897437
1.7251851851851852,0.9881056943625383
1.7314814814814814,0.9871178940477767
1.7377777777777779,0.9860909612050403
1.744074074074074,0.9850249365452498
1.7503703703703704,0.9839198623290509
1.7566666666666666,0.9827757823651398
1.762962962962963,0.9815927420085255
1.7692592592592593,0.9803707881587328
1.7755555555555556,0.9791099692579418
1.7818518518518518,0.977810335289069
1.7881481481481483,0.9764719377737844
1.7944444444444445,0.97509482977047
1.8007407407407408,0.9736790658721161
1.807037037037037,0.9722247022041566
1.8133333333333335,0.9707317964222447
1.8196296296296297,0.9692004077099671
1.825925925925926,0.9676305967764971
1.8322222222222222,0.9660224258541891
1.8385185185185184,0.9643759586961103
1.844814814814815,0.962691260573514
1.8511111111111112,0.960968398273252
1.8574074074074074,0.9592074400951266
1.8637037037037036,0.9574084558491835
1.87,0.955571516852944
1.8762962962962964,0.9536966959285774
1.8825925925925926,0.9517840674000149
1.8888888888888888,0.9498337070900025
1.8951851851851853,0.9478456923170954
1.9014814814814816,0.9458201018925929
1.9077777777777778,0.9437570161174138
1.914074074074074,0.9416565167789133
1.9203703703703703,0.9395186871476406
1.9266666666666667,0.9373436119740377
1.932962962962963,0.9351313774850798
1.9392592592592592,0.9328820713808567
1.9455555555555555,0.9305957828310962
1.951851851851852,0.9282726024716295
1.9581481481481482,0.9259126224007974
1.9644444444444444,0.9235159361758002
1.9707407407407407,0.9210826388089873
1.9770370370370371,0.9186128267640923
1.9833333333333334,0.9161065979524078
1.9896296296296296,0.9135640517289041
1.9959259259259259,0.9109852888882904
2.002222222222222,0.9083704116610195
2.0085185185185184,0.905719523709234
2.014814814814815,0.903032730122658
2.0211111111111113,0.9003101374144302
2.0274074074074075,0.8975518535168818
2.033703703703704,0.8947579877772572
2.04,0.8919286509533796
2.0462962962962963,0.8890639552092602
2.0525925925925925,0.8861640141106513
2.0588888888888888,0.8832289426205445
2.065185185185185,0.8802588570946133
2.0714814814814817,0.8772538752765995
2.077777777777778,0.8742141162936472
2.084074074074074,0.8711397006515784
2.0903703703703704,0.8680307502301168
2.0966666666666667,0.8648873882780556
2.102962962962963,0.861709739408372
2.109259259259259,0.8584979295932867
2.1155555555555554,0.8552520861592704
2.1218518518518517,0.8519723377819955
2.1281481481481483,0.8486588144812357
2.1344444444444446,0.8453116476157113
2.140740740740741,0.8419309698778816
2.147037037037037,0.8385169152886847
2.1533333333333333,0.8350696191922243
2.1596296296296296,0.8315892182504045
2.165925925925926,0.828075850437512
2.172222222222222,0.8245296550347461
2.1785185185185187,0.8209507726246971
2.184814814814815,0.8173393450857743
2.1911111111111112,0.8136955155865798
2.1974074074074075,0.8100194285802338
2.2037037037037037,0.8063112297986478
2.21,0.8025710662467472
2.216296296296296,0.7987990861966443
2.2225925925925925,0.794995439181759
2.2288888888888887,0.7911602759908918
2.2351851851851854,0.7872937486622457
2.2414814814814816,0.7833960104773995
2.247777777777778,0.77946721595523
2.254074074074074,0.7755075208457876
2.2603703703703704,0.771517082124121
2.2666666666666666,0.7674960579840546
2.272962962962963,0.7634446078319175
2.279259259259259,0.7593628922802234
2.285555555555556,0.7552510731413037
2.291851851851852,0.7511093134208935
2.2981481481481483,0.7469377773116681
2.3044444444444445,0.7427366301867351
2.3107407407407408,0.7385060385930775
2.317037037037037,0.7342461702449521
2.3233333333333333,0.7299571940172402
2.3296296296296295,0.7256392799387535
2.3359259259259257,0.7212925991854926
2.3422222222222224,0.7169173240738617
2.3485185185185187,0.7125136280538379
2.354814814814815,0.7080816857020938
2.361111111111111,0.7036216727150779
2.3674074074074074,0.6991337659020487
2.3737037037037036,0.6946181431780658
2.38,0.6900749835569364
2.386296296296296,0.6855044671441193
2.392592592592593,0.6809067751295839
2.398888888888889,0.6762820897806289
2.4051851851851853,0.6716305944346543
2.4114814814814816,0.6669524734918957
2.417777777777778,0.6622479124081121
2.424074074074074,0.6575170976872353
2.4303703703703703,0.6527602168739756
2.4366666666666665,0.6479774585463868
2.442962962962963,0.6431690123083907
2.4492592592592595,0.6383350687822605
2.4555555555555557,0.6334758196010646
2.461851851851852,0.6285914574010677
2.468148148148148,0.623682175814096
2.4744444444444444,0.6187481694598604
2.4807407407407407,0.6137896339382409
2.487037037037037,0.6088067658215327
2.493333333333333,0.6037997626466532
2.49962962962963,0.5987688229073109
2.505925925925926,0.5937141460461376
2.5122222222222224,0.58863593244678
2.5185185185185186,0.5835343834259573
2.524814814814815,0.5784097012254796
2.531111111111111,0.5732620890042308
2.5374074074074073,0.5680917508301144
2.5437037037037036,0.5628988916719639
2.55,0.557683717391417
2.5562962962962965,0.5524464347347543
2.5625925925925928,0.5471872513247046
2.568888888888889,0.5419063756522118
2.5751851851851852,0.5366040170681714
2.5814814814814815,0.5312803857751304
2.5877777777777777,0.5259356928189546
2.594074074074074,0.5205701500804617
2.60037037037037,0.515183970267022
2.606666666666667,0.5097773669041252
2.612962962962963,0.5043505543269176
2.6192592592592594,0.4989037476717023
2.6255555555555556,0.4934371628674126
2.631851851851852,0.4879510166270512
2.638148148148148,0.4824455264390988
2.6444444444444444,0.4769209105588928
2.6507407407407406,0.4713773879999742
2.657037037037037,0.46581517852540566
2.6633333333333336,0.4602345026390589
2.66962962962963,0.4546355815768748
2.675925925925926,0.4490186372980905
2.6822222222222223,0.44338389247644167
2.6885185185185185,0.437731570491335
2.6948148148148148,0.4320618954189922
2.701111111111111,0.4263750920235674
2.7074074074074073,0.42067138574823637
2.713703703703704,0.41495100270625906
2.72,0.4092141696720173
2.7262962962962964,0.40346111407202234
2.7325925925925927,0.39769206397590046
2.738888888888889,0.3919072480873512
2.745185185185185,0.3861068957350809
2.7514814814814814,0.3802912368637112
2.7577777777777777,0.37446050202466336
2.764074074074074,0.3686149223670186
2.7703703703703706,0.362754729628354
2.776666666666667,0.35688015612555735
2.782962962962963,0.3509914347456151
2.7892592592592593,0.34508879893638145
2.7955555555555556,0.3391724826973231
2.801851851851852,0.3332427205702432
2.808148148148148,0.3272997476299831
2.8144444444444443,0.3213437994751032
2.8207407407407405,0.31537511221854325
2.8270370370370372,0.30939392247826153
2.8333333333333335,0.3034004673678561
2.8396296296296297,0.2973949844871626
2.845925925925926,0.29137771191283657
2.852222222222222,0.28534888818891496
2.8585185185185185,0.2793087523173593
2.8648148148148147,0.27325754374858124
2.871111111111111,0.26719550237194956
2.8774074074074076,0.26112286850628
2.883703703703704,0.2550398828903101
2.89,0.24894678667315256
2.8962962962962964,0.24284382140473734
2.9025925925925926,0.23673122902623536
2.908888888888889,0.23060925186046707
2.915185185185185,0.22447813260229618
2.9214814814814813,0.21833811430900824
2.9277777777777776,0.21218944039067522
2.9340740740740743,0.20603235460050548
2.9403703703703705,0.1998671010251823
2.9466666666666668,0.19369392407518496
2.952962962962963,0.1875130684751012
2.9592592592592593,0.18132477925392523
2.9655555555555555,0.17512930173534375
2.9718518518518517,0.16892688152801083
2.978148148148148,0.162717764515811
2.9844444444444447,0.15650219684811117
2.990740740740741,0.15028042493000443
2.997037037037037,0.1440526954125389
3.0033333333333334,0.13781925518294155
3.0096296296296297,0.13158035135483034
3.015925925925926,0.12533623125841786
3.022222222222222,0.1190871424307064
3.0285185185185184,0.11283333260567463
3.0348148148148146,0.10657504970445682
3.0411111111111113,0.1003125418255139
3.0474074074074076,0.09404605723479982
3.053703703703704,0.08777584435591688
3.06,0.08150215176026912
3.0662962962962963,0.07522522815720777
3.0725925925925925,0.06894532238417156
3.078888888888889,0.06266268339682204
3.085185185185185,0.056377560259174175
3.0914814814814817,0.050090202133722186
3.097777777777778,0.04380085827156373
3.104074074074074,0.03750977800251612
3.1103703703703705,0.031217210725233865
3.1166666666666667,0.024923405897321272
3.122962962962963,0.018628613025443122
3.129259259259259,0.01233308165543345
3.1355555555555554,0.00603706136240272
3.1418518518518517,-2.5919825915611707E-4
3.1481481481481484,-0.006555447605262801
3.1544444444444446,-0.012851437072343094
3.160740740740741,-0.01914691706712653
3.167037037037037,-0.025441638016539314
3.1733333333333333,-0.03173535037759866
3.1796296296296296,-0.03802780464730547
3.185925925925926,-0.04431875137253542
3.192222222222222,-0.0506079411599281
3.1985185185185188,-0.05689512468577423
3.204814814814815,-0.06318005270589783
3.2111111111111112,-0.06946247606553976
3.2174074074074075,-0.07574214570923325
3.2237037037037037,-0.08201881269067768
3.23,-0.0882922281826076
3.2362962962962962,-0.09456214348665708
3.2425925925925925,-0.10082831004321888
3.2488888888888887,-0.10709047944129818
3.2551851851851854,-0.11334840342836083
3.2614814814814816,-0.11960183392017308
3.267777777777778,-0.1258505230106391
3.274074074074074,-0.13209422298162704
3.2803703703703704,-0.13833268631278978
3.2866666666666666,-0.14456566569137744
3.292962962962963,-0.15079291402204167
3.299259259259259,-0.15701418443663132
3.305555555555556,-0.1632292303039794
3.311851851851852,-0.16943780523967875
3.3181481481481483,-0.1756396631158521
3.3244444444444445,-0.18183455807090748
3.330740740740741,-0.18802224451928562
3.337037037037037,-0.19420247716119554
3.3433333333333333,-0.20037501099233918
3.3496296296296295,-0.2065396013136241
3.3559259259259258,-0.21269600374086406
3.3622222222222224,-0.21884397421446783
3.3685185185185187,-0.22498326900911256
3.374814814814815,-0.2311136447434085
3.381111111111111,-0.23723485838954578
3.3874074074074074,-0.2433466672829291
3.3937037037037037,-0.24944882913179783
3.4,-0.2555411020268312
3.406296296296296,-0.2616232444507385
3.412592592592593,-0.26769501528783357
3.418888888888889,-0.2737561738335924
3.4251851851851853,-0.2798064798041975
3.4314814814814816,-0.28584569334606175
3.437777777777778,-0.2918735750453378
3.444074074074074,-0.29788988593740895
3.4503703703703703,-0.30389438751636244
3.4566666666666666,-0.3098868417444447
3.462962962962963,-0.3158670110614979
3.4692592592592595,-0.32183465839437797
3.4755555555555557,-0.32778954716635134
3.481851851851852,-0.3337314413064761
3.488148148148148,-0.3396601052589589
3.4944444444444445,-0.3455753039924936
3.5007407407407407,-0.35147680300957856
3.507037037037037,-0.3573643683558131
3.513333333333333,-0.3632377666291719
3.51962962962963,-0.36909676498925853
3.525925925925926,-0.3749411311665341
3.5322222222222224,-0.38077063347152784
3.5385185185185186,-0.3865850408040202
3.544814814814815,-0.3923841226622048
3.551111111111111,-0.3981676491518265
3.5574074074074074,-0.40393539099529496
3.5637037037037036,-0.40968711954077397
3.57,-0.4154226067712459
3.5762962962962965,-0.4211416253135515
3.5825925925925928,-0.4268439484474022
3.588888888888889,-0.4325293501143701
3.5951851851851853,-0.4381976049268485
3.6014814814814815,-0.44384848817698697
3.6077777777777778,-0.4494817758455998
3.614074074074074,-0.45509724461104667
3.6203703703703702,-0.4606946718580858
3.626666666666667,-0.4662738356866999
3.632962962962963,-0.4718345149208908
3.6392592592592594,-0.47737648911745045
3.6455555555555557,-0.4828995385746983
3.651851851851852,-0.48840344434119126
3.658148148148148,-0.49388798822440366
3.6644444444444444,-0.4993529527993773
3.6707407407407406,-0.5047981214173406
3.677037037037037,-0.5102232782142974
3.6833333333333336,-0.5156282081195848
3.68962962962963,-0.521012696864398
3.695925925925926,-0.5263765309902866
3.7022222222222223,-0.5317194978576153
3.7085185185185185,-0.537041385653994
3.714814814814815,-0.5423419834026747
3.721111111111111,-0.5476210809709156
3.7274074074074073,-0.5528784690783111
3.7337037037037035,-0.5581139393050882
3.74,-0.56332728410037
3.7462962962962965,-0.5685182967904016
3.7525925925925927,-0.5736867715867453
3.758888888888889,-0.578832503594438
3.765185185185185,-0.583955288820114
3.7714814814814814,-0.5890549241800915
3.7777777777777777,-0.594131207508424
3.784074074074074,-0.5991839375649145
3.7903703703703706,-0.6042129140430941
3.796666666666667,-0.6092179375781607
3.802962962962963,-0.6141988097548853
3.8092592592592593,-0.6191553331154758
3.8155555555555556,-0.6240873111674056
3.821851851851852,-0.6289945483912031
3.828148148148148,-0.6338768502482026
3.8344444444444443,-0.6387340231882567
3.8407407407407406,-0.6435658746574089
3.8470370370370373,-0.6483722131055276
3.8533333333333335,-0.6531528479938986
3.8596296296296297,-0.6579075898027802
3.865925925925926,-0.6626362500389155
3.8722222222222222,-0.667338641243005
3.8785185185185185,-0.6720145769971381
3.8848148148148147,-0.6766638719321831
3.891111111111111,-0.6812863417351365
3.8974074074074077,-0.6858818031564292
3.903703703703704,-0.6904500740171906
3.91,-0.694990973216472
3.9162962962962964,-0.6995043207384253
3.9225925925925926,-0.7039899376594393
3.928888888888889,-0.7084476461552333
3.935185185185185,-0.7128772695079061
3.9414814814814814,-0.717278632112942
3.9477777777777776,-0.721651559486172
3.9540740740740743,-0.7259958782706918
3.9603703703703705,-0.7303114162437324
3.966666666666667,-0.7345980023234898
3.972962962962963,-0.7388554665759057
3.9792592592592593,-0.7430836402214047
3.9855555555555555,-0.7472823556415855
3.9918518518518518,-0.7514514463858654
3.998148148148148,-0.755590747178079
4.004444444444444,-0.7597000939230305
4.010740740740741,-0.7637793237129995
4.017037037037037,-0.7678282748341969
4.023333333333333,-0.7718467867731797
4.02962962962963,-0.7758347002232102
4.035925925925926,-0.7797918570905733
4.042222222222223,-0.7837181005008451
4.048518518518518,-0.7876132748051088
4.054814814814815,-0.7914772255861287
4.061111111111111,-0.795309799664468
4.067407407407408,-0.7991108451045656
4.073703703703703,-0.8028802112207546
4.08,-0.8066177485832405
4.086296296296297,-0.8103233090240216
4.092592592592593,-0.8139967456427641
4.098888888888889,-0.8176379128126273
4.105185185185185,-0.8212466661860335
4.111481481481482,-0.8248228627003936
4.1177777777777775,-0.8283663605837757
4.124074074074074,-0.8318770193605283
4.13037037037037,-0.8353546998568461
4.136666666666667,-0.8387992642062906
4.142962962962963,-0.8422105758552524
4.149259259259259,-0.8455884995683663
4.155555555555556,-0.8489329014338737
4.161851851851852,-0.8522436488689276
4.168148148148148,-0.8555206106248531
4.174444444444444,-0.8587636567923462
4.180740740740741,-0.8619726588066279
4.187037037037037,-0.8651474894525369
4.193333333333333,-0.868288022869577
4.19962962962963,-0.8713941345569026
4.205925925925926,-0.8744657013782567
4.2122222222222225,-0.8775026015668529
4.218518518518518,-0.8805047147301998
4.224814814814815,-0.8834719218548774
4.231111111111111,-0.8864041053112519
4.2374074074074075,-0.8893011488581416
4.243703703703703,-0.8921629376474223
4.25,-0.8949893582285835
4.256296296296297,-0.8977802985532229
4.2625925925925925,-0.9005356479794899
4.268888888888889,-0.9032552972764725
4.275185185185185,-0.905939138628525
4.281481481481482,-0.9085870656395458
4.2877777777777775,-0.9111989733371914
4.294074074074074,-0.913774758177041
4.300370370370371,-0.9163143180466996
4.306666666666667,-0.9188175522698461
4.312962962962963,-0.9212843616102258
4.319259259259259,-0.9237146482755824
4.325555555555556,-0.9261083159215372
4.331851851851852,-0.9284652696554058
4.338148148148148,-0.9307854160399626
4.344444444444444,-0.9330686630971425
4.350740740740741,-0.9353149203116898
4.3570370370370375,-0.937524098634744
4.363333333333333,-0.939696110487371
4.36962962962963,-0.9418308697640363
4.375925925925926,-0.9439282918360161
4.3822222222222225,-0.9459882935547546
4.388518518518518,-0.9480107932551577
4.394814814814815,-0.9499957107588334
4.401111111111111,-0.9519429673772678
4.407407407407407,-0.9538524859149464
4.413703703703704,-0.955724190672413
4.42,-0.9575580074492711
4.426296296296297,-0.9593538635471266
4.432592592592592,-0.9611116877724676
4.438888888888889,-0.9628314104394889
4.445185185185185,-0.9645129633728527
4.451481481481482,-0.9661562799103934
4.457777777777777,-0.9677612949057579
4.464074074074074,-0.9693279447309902
4.470370370370371,-0.9708561672790526
4.476666666666667,-0.9723459019662881
4.482962962962963,-0.9737970897348232
4.489259259259259,-0.9752096730549071
4.495555555555556,-0.9765835959271943
4.5018518518518515,-0.9779188038849634
4.508148148148148,-0.9792152439962769
4.514444444444445,-0.9804728648660793
4.520740740740741,-0.9816916166382345
4.527037037037037,-0.9828714509975028
4.533333333333333,-0.9840123211714557
4.53962962962963,-0.9851141819323306
4.545925925925926,-0.9861769895988228
4.552222222222222,-0.9872007020378188
4.558518518518518,-0.9881852786660649
4.564814814814815,-0.9891306804517771
4.571111111111112,-0.9900368699161883
4.577407407407407,-0.9909038111350335
4.583703703703704,-0.9917314697399748
4.59,-0.9925198129199632
4.5962962962962965,-0.9932688094225396
4.602592592592592,-0.993978429555074
4.608888888888889,-0.994648645185942
4.615185185185185,-0.9952794297456405
4.6214814814814815,-0.9958707582278411
4.627777777777778,-0.9964226071903808
4.634074074074074,-0.9969349547561919
4.640370370370371,-0.9974077806141693
4.6466666666666665,-0.9978410660199752
4.652962962962963,-0.9982347937967828
4.659259259259259,-0.9985889483359567
4.665555555555556,-0.9989035155976719
4.6718518518518515,-0.9991784831114704
4.678148148148148,-0.9994138399767559
4.684444444444445,-0.9996095768632252
4.690740740740741,-0.9997656860112384
4.697037037037037,-0.9998821612321271
4.703333333333333,-0.9999589979084389
4.70962962962963,-0.9999961929941208
4.715925925925926,-0.99999374501464
4.722222222222222,-0.9999516540670422
4.728518518518519,-0.9998699218199479
4.734814814814815,-0.9997485515134865
4.7411111111111115,-0.999587547959167
4.747407407407407,-0.9993869175396882
4.753703703703704,-0.9991466682086853
4.76,-0.9988668094904142
4.7662962962962965,-0.9985473524793747
4.772592592592592,-0.99818830983987
4.778888888888889,-0.9977896958055051
4.785185185185186,-0.9973515261786223
4.7914814814814815,-0.996873818329675
4.797777777777778,-0.9963565911965383
4.804074074074074,-0.9957998652837595
4.810370370370371,-0.9952036626617442
4.816666666666666,-0.9945680069658817
4.822962962962963,-0.9938929233956081
4.829259259259259,-0.9931784387134074
4.835555555555556,-0.99242458124375
4.841851851851852,-0.9916313808719706
4.848148148148148,-0.990798869043083
4.854444444444445,-0.9899270787605334
4.860740740740741,-0.9890160445848926
4.867037037037037,-0.9880658026324849
4.873333333333333,-0.9870763905739577
4.87962962962963,-0.9860478476327869
4.885925925925926,-0.9849802145837225
4.892222222222222,-0.9838735337511721
4.898518518518519,-0.9827278490075233
4.904814814814815,-0.981543205771404
4.911111111111111,-0.9803196510058817
4.917407407407407,-0.9790572332166027
4.923703703703704,-0.9777560024498677
4.93,-0.9764160102906497
4.936296296296296,-0.9750373098605472
4.942592592592592,-0.9736199558156793
4.948888888888889,-0.9721640043445186
4.955185185185186,-0.9706695131656637
4.961481481481481,-0.969136541525552
4.967777777777778,-0.9675651501961087
4.974074074074074,-0.9659554014723404
4.980370370370371,-0.9643073591698631
4.986666666666666,-0.9626210886223745
4.992962962962963,-0.9608966566790617
4.99925925925926,-0.959134131701953
5.0055555555555555,-0.9573335835632075
5.011851851851852,-0.9554950836423434
5.018148148148148,-0.9536187048234108
5.024444444444445,-0.9517045214921003
5.0307407407407405,-0.9497526095327957
5.037037037037037,-0.9477630463255642
5.043333333333333,-0.9457359107430904
5.04962962962963,-0.9436712831475477
5.055925925925926,-0.9415692453874142
5.062222222222222,-0.9394298807942274
5.068518518518519,-0.9372532741792797
5.074814814814815,-0.9350395118302579
5.081111111111111,-0.9327886815078206
5.087407407407407,-0.9305008724421211
5.093703703703704,-0.9281761753292682
5.1,-0.9258146823277325
5.106296296296296,-0.9234164870546904
5.112592592592593,-0.9209816845823159
5.118888888888889,-0.9185103714340098
5.1251851851851855,-0.9160026455805726
5.131481481481481,-0.9134586064363228
5.137777777777778,-0.9108783548551533
5.144074074074074,-0.9082619931265359
5.1503703703703705,-0.905609624971463
5.156666666666666,-0.9029213555383394
5.162962962962963,-0.9001972913988103
5.16925925925926,-0.8974375405435395
5.1755555555555555,-0.8946422123779267
5.181851851851852,-0.89181141771777
5.188148148148148,-0.888945268784874
5.194444444444445,-0.8860438792025999
5.20074074074074,-0.8831073639913624
5.207037037037037,-0.8801358395640678
5.213333333333334,-0.8771294237215015
5.21962962962963,-0.8740882356476568
5.225925925925926,-0.8710123959050089
5.232222222222222,-0.867902026429738
5.238518518518519,-0.8647572505268927
5.244814814814815,-0.8615781928655043
5.251111111111111,-0.8583649794736419
5.257407407407407,-0.8551177377334191
5.263703703703704,-0.8518365963759411
5.2700000000000005,-0.8485216854762041
5.276296296296296,-0.8451731364479377
5.282592592592593,-0.8417910820383937
5.288888888888889,-0.8383756563230866
5.295185185185185,-0.8349269947004755
5.301481481481481,-0.831445233886599
5.307777777777778,-0.8279305119096523
5.314074074074074,-0.8243829681045195
5.32037037037037,-0.820802743107245
5.326666666666667,-0.8171899788494628
5.332962962962963,-0.8135448185527672
5.33925925925926,-0.8098674067230346
5.345555555555555,-0.8061578891446979
5.351851851851852,-0.8024164128749629
5.358148148148148,-0.798643126237983
5.364444444444445,-0.7948381788189745
5.37074074074074,-0.7910017214582913
5.377037037037037,-0.7871339062454404
5.383333333333334,-0.7832348865130567
5.3896296296296295,-0.7793048168308224
5.395925925925926,-0.7753438529993382
5.402222222222222,-0.77135215204395
5.408518518518519,-0.7673298722085204
5.4148148148148145,-0.7632771729491593
5.421111111111111,-0.7591942149278978
5.427407407407408,-0.7550811600063239
5.433703703703704,-0.7509381712391627
5.44,-0.7467654128678123
5.446296296296296,-0.7425630503138356
5.452592592592593,-0.7383312501723983
5.458888888888889,-0.7340701802056689
5.465185185185185,-0.7297800093361637
5.471481481481481,-0.7254609076400547
5.477777777777778,-0.7211130463404225
5.4840740740740745,-0.7167365978004728
5.49037037037037,-0.7123317355167013
5.496666666666667,-0.707898634112014
5.502962962962963,-0.7034374693288094
5.5092592592592595,-0.6989484180220054
5.515555555555555,-0.6944316581520342
5.521851851851852,-0.6898873687777825
5.528148148148148,-0.6853157300494965
5.5344444444444445,-0.6807169232016376
5.540740740740741,-0.6760911305456996
5.547037037037037,-0.671438535462981
5.553333333333334,-0.666759322397313
5.5596296296296295,-0.6620536768477513
5.565925925925926,-0.657321785361218
5.572222222222222,-0.6525638355251111
5.578518518518519,-0.6477800159598628
5.5848148148148145,-0.6429705163114671
5.591111111111111,-0.6381355272439565
5.597407407407408,-0.633275240431848
5.603703703703704,-0.6283898485525428
5.61,-0.6234795452786853
5.616296296296296,-0.6185445252704906
5.622592592592593,-0.6135849841680219
5.628888888888889,-0.6086011185834402
5.635185185185185,-0.6035931260932045
5.641481481481481,-0.5985612052302445
5.647777777777778,-0.5935055554760849
5.6540740740740745,-0.5884263772529421
5.66037037037037,-0.5833238719157767
5.666666666666667,-0.5781982417443089
5.672962962962963,-0.5730496899350046
5.6792592592592595,-0.5678784205930141
5.685555555555555,-0.562684638724087
5.691851851851852,-0.5574685502264387
5.698148148148149,-0.5522303618825933
5.704444444444444,-0.5469702813511842
5.710740740740741,-0.5416885171587187
5.717037037037037,-0.5363852786913176
5.723333333333334,-0.531060776186408
5.729629629629629,-0.5257152207243947
5.735925925925926,-0.5203488242202865
5.742222222222222,-0.514961799415301
5.748518518518519,-0.5095543598684252
5.754814814814815,-0.5041267199479542
5.761111111111111,-0.4986790948229911
5.767407407407408,-0.4932117004549142
5.773703703703704,-0.48772475358882145
5.78,-0.48221847174493154
5.786296296296296,-0.476693073209967
5.792592592592593,-0.4711487770284944
5.7988888888888885,-0.4655858029942468
5.805185185185185,-0.4600043716414043
5.811481481481482,-0.45440470423585694
5.817777777777778,-0.44878702276643045
5.824074074074074,-0.4431515499360837
5.83037037037037,-0.4374985091530853
5.836666666666667,-0.431828124522151
5.842962962962963,-0.4261406208355657
5.849259259259259,-0.4204362235642653
5.855555555555555,-0.41471515884890514
5.861851851851852,-0.4089776534908883
5.868148148148149,-0.4032239349433804
5.874444444444444,-0.39745423130228974
5.880740740740741,-0.39166877129722305
5.887037037037037,-0.38586778428242297
5.8933333333333335,-0.38005150022766965
5.899629629629629,-0.37422014970917034
5.905925925925926,-0.36837396390041205
5.912222222222223,-0.36251317456300286
5.9185185185185185,-0.3566380140374818
5.924814814814815,-0.3507487152341054
5.931111111111111,-0.3448455116236203
5.937407407407408,-0.3389286372280013
5.9437037037037035,-0.33299832661118023
5.95,-0.32705481486974064
5.956296296296296,-0.32109833762360446
5.962592592592593,-0.3151291310066846
5.968888888888889,-0.30914743165752967
5.975185185185185,-0.30315347670994036
5.981481481481482,-0.29714750378356614
5.987777777777778,-0.2911297509744913
5.994074074074074,-0.285100456845789
6.00037037037037,-0.279059860418071
6.006666666666667,-0.273008201160005
6.012962962962963,-0.2669457189788284
6.019259259259259,-0.2608726542108306
6.025555555555556,-0.25478924761183136
6.031851851851852,-0.2486957403476338
6.0381481481481485,-0.24259237398446146
6.044444444444444,-0.23647939047938762
6.050740740740741,-0.23035703217073658
6.057037037037037,-0.22422554176848342
6.0633333333333335,-0.21808516234462536
6.069629629629629,-0.2119361373235525
6.075925925925926,-0.20577871047239066
6.082222222222223,-0.19961312589134395
6.088518518518518,-0.19343962800401507
6.094814814814815,-0.187258461547713
6.101111111111111,-0.181069871563757
6.107407407407408,-0.1748741033877553
6.113703703703703,-0.16867140263988625
6.12,-0.1624620152151542
6.126296296296297,-0.15624618727364736
6.132592592592593,-0.15002416523077694
6.138888888888889,-0.14379619574750546
6.145185185185185,-0.1375625257205747
6.151481481481482,-0.13132340227271075
6.157777777777778,-0.12507907274283442
6.164074074074074,-0.11882978467624879
6.17037037037037,-0.11257578581483282
6.176666666666667,-0.106317324087213
6.182962962962963,-0.10005464759894087
6.189259259259259,-0.09378800462265456
6.195555555555556,-0.08751764358823398
6.201851851851852,-0.08124381307295828
6.208148148148148,-0.07496676179164449
6.214444444444444,-0.06868673858679473
6.220740740740741,-0.06240399241872413
6.227037037037037,-0.05611877235569841
6.233333333333333,-0.0498313275640529
6.23962962962963,-0.04354190729832099
6.245925925925926,-0.037250760891350196
6.252222222222223,-0.03095813774441518
6.258518518518518,-0.024664287317336865
6.264814814814815,-0.018369459118585972
6.271111111111111,-0.012073902695398769
6.2774074074074075,-0.005777867623877138
6.283703703703703,5.183965008983259E-4
6.29,0.006814640074770176
